146892254592666948583089601585683631626169645157236206478363921730573253615526209760870859796594181788434695659841710725720439897885763279162093312172796553081184146204117456316407242637075616930126484608395172754491880020673693615434571144613429659762801708555304377699200762859522698292659398396390696049527
88176017019228940568015107598827151395956398498469024745686195647096736840461473772084119310159637778726004123551435995754286440533714662783306397481175998612722615380024485269826429908992747620362917165524767545630527793560852890493349626482051017852200562393456185595844999148527460742415999644179945380947
108728485505373142955319556694563469673652425500818961500437260951235204257779348753754286096218246426536546401597006500693710241400908496909293965671166999070463682419958814063772220115739549850050453804394762003021056287394902336941793113522920037353242708987766820861039093044612485100509554685437748733709
88095753435851810283870929417890336590717034044769374165049335431017580714966967363286710557417796458039467065191658144979434967349879678117011429887406665336386048070374815972649632144105142761306932305269005592556406903514480699810418847945389634060772783773146315507864183878878384546142341704634670754431
108525204751010576488207422707649307912622135279807318390234786227811697075236659192377162973086238494945524288173861391127134924046572563327289286735512990189946952809534793040704894366493723037606616314450849001223340077399110171941590055755110475641292217156174211168328895282984523374953485625519089347799
92706737406696830108428585303298805584912403723830871772757238775276583779394708413851441781042766765137191797995300561039638636511858252357072264591838533629917185053918086555599868033446864244434796197030964917208093524005607819730985199672687244383398452594530008201873439768451913930841963217205867588481
108334318466047575831705996323295296341234041506767035268766231587410137808037745869205343283376047902104218426602621404267467486642575191339242729898322272318119987401150159788125337824774825242641532234563652808367489583419648694572688939457680792488377604235100906249212754591715518748155299098951248061653
87222161956241868735307048485902704105010364443077417555798486271312082757231034854780753960030056987919638197390569283420441759268770726253354848825701555987063917071530843845544935851004909422991931032739245098059836549436874415616965176022034781565126134700549209716350226943098267621517352778504327646227
80479506397025004948987708590280890367349356561191213387578875335183675041542939513790764435789826038272370271292820137350075580053041601397634436123446523329796327782612352887472465819125738048853787400523227734505795951151681269159779690570339755009784240272432314866850928474732067912068527808060272319703
63702588357374312748701692666678607547593017648166194657780035626259764127926056796425221556889246781223843694604239563244775275510172082728206721886337848605835554461916422652248607881928500629675049743550733531214344280610982488828393114895185655426587668977736475718323007172967031531761115404816214150493
